0 0.3086717998075072 0.9218378378378379 0.04262752646775742 0.05154594594594601
0 0.356939364773821 0.9290918918918919 0.05389797882579403 0.05679999999999996
0 0.396948989412897 0.9314162162162162 0.048671799807507264 0.06451891891891899
0 0.43833493743984603 0.9344972972972972 0.04070259865255049 0.05834594594594598
0 0.4801347449470645 0.9351135135135136 0.0472954764196343 0.05957837837837827
0 0.521376323387873 0.936972972972973 0.04179980750721854 0.06328648648648645
0 0.5666121270452359 0.9423783783783785 0.04152069297401357 0.06483243243243246
0 0.6118479307025987 0.9513405405405405 0.041251203079884405 0.05185945945945949
0 0.6506256015399422 0.944691891891892 0.04729547641963436 0.07256216216216228
0 0.7025986525505293 0.9573621621621621 0.03574590952839278 0.0546486486486486
0 0.7460442733397498 0.953654054054054 0.0456496631376324 0.05958918918918907
0 0.7919730510105871 0.9592108108108108 0.04399422521655441 0.0707135135135136
0 0.8383060635226179 0.9660108108108107 0.04591915303176134 0.05958918918918907
0 0.8912415784408084 0.967027027027027 0.04812319538017324 0.06594594594594595