0 0.10121647509578545 0.8254465161923454 0.04597701149425289 0.05390578999018652
0 0.13728927203065136 0.8184102060843965 0.04789272030651341 0.06273797841020615
0 0.17751915708812263 0.8213542688910697 0.038955938697318025 0.06208047105004906
0 0.2191858237547893 0.8246319921491658 0.04246168582375477 0.05553483807654555
0 0.2603735632183908 0.8261040235525025 0.0418295019157088 0.05521099116781157
0 0.2985344827586207 0.8270853778213935 0.04470306513409958 0.05062806673209021
0 0.3378065134099617 0.8280667320902846 0.040229885057471264 0.05913640824337585
0 0.3773946360153257 0.8287144259077527 0.04278735632183904 0.047360157016683016
0 0.421772030651341 0.826594700686948 0.03575670498084295 0.04637880274779194
0 0.46056513409961686 0.8287144259077527 0.03991379310344824 0.047360157016683016
0 0.5022318007662836 0.8319921491658488 0.04341954022988504 0.05390578999018652
0 0.5387931034482759 0.832315996074583 0.03671455938697311 0.0480176643768401
0 0.5804597701149425 0.8306771344455349 0.040229885057471264 0.051285574092247294
0 0.6222892720306513 0.833297350343474 0.04087164750957861 0.04343473994111873
0 0.6620402298850574 0.827576054955839 0.040545977011494184 0.05488714425907759
0 0.7001915708812261 0.8313346418056918 0.043419540229884986 0.05521099116781157
0 0.7452107279693486 0.8306771344455349 0.0504501915708813 0.051285574092247294