0 0.0823593287265548 0.956453488372093 0.049072063178677204 0.05179069767441856
0 0.1191609081934847 0.9476511627906977 0.052181638696939765 0.0640813953488371
0 0.16245804540967423 0.9616046511627907 0.04004935834155972 0.06540697674418605
0 0.21224086870681144 0.9619418604651162 0.04653504442250739 0.059430232558139416
0 0.25596248766041463 0.9631046511627906 0.049358341559723594 0.06508139534883724
0 0.29756169792694964 0.9601162790697675 0.045123395853899344 0.06574418604651158
0 0.3391609081934847 0.9612790697674419 0.04089832181638692 0.07139534883720941
0 0.38943731490621913 0.9674418604651163 0.050345508390918066 0.06511627906976744
0 0.4397137216189536 0.9700813953488372 0.04738400789733465 0.059104651162790615
0 0.4813129318854886 0.9694302325581395 0.0431490621915104 0.06112790697674411
0 0.527147087857848 0.9627674418604651 0.04174728529121418 0.05776744186046519
0 0.5677591312931886 0.9609418604651162 0.055281342546890426 0.0640813953488371
0 0.6181046396841066 0.9655930232558139 0.040335636722606025 0.060093023255814025
0 0.6597137216189536 0.9572906976744185 0.04738400789733465 0.06341860465116275
0 0.700187561697927 0.958953488372093 0.04089832181638703 0.07338372093023245
0 0.750533070088845 0.9582906976744185 0.04850937808489644 0.05876744186046507
0 0.7996051332675223 0.9621046511627906 0.05640671273445222 0.06973255813953491