0 0.15314885496183206 0.7998165137614679 0.04866412213740458 0.04952089704383275
0 0.187337786259542 0.7954026503567787 0.04389312977099236 0.06108053007135583
0 0.23155534351145035 0.7986340468909277 0.049618320610686995 0.05733944954128441
0 0.2789408396946565 0.803394495412844 0.03625954198473282 0.053261977573904176
0 0.3148854961832061 0.8074719673802243 0.03816793893129771 0.0478287461773701
0 0.3565553435114504 0.8055963302752294 0.05152671755725191 0.054281345565749234
0 0.39599236641221375 0.8027115188583079 0.041345419847328285 0.05190621814475033
0 0.4363835877862595 0.8062793068297656 0.05216603053435111 0.05564729867482153
0 0.4796469465648855 0.8027115188583079 0.03689885496183202 0.05190621814475033
0 0.5195610687022901 0.8030479102956167 0.04357824427480923 0.045790010193679995
0 0.562337786259542 0.8078083588175332 0.03689885496183213 0.05530071355759429
0 0.6060782442748092 0.8072986748216107 0.03848282442748085 0.050886850152905276