0 0.10805133079847909 0.819557157569516 0.044990494296577956 0.052440782698249304
0 0.1462262357414449 0.8140679711637487 0.04213878326996196 0.0689186405767251
0 0.1842490494296578 0.8137281153450051 0.054819391634981 0.06136972193614822
0 0.22750000000000004 0.8137281153450051 0.04942965779467683 0.047631307929969106
0 0.2650475285171103 0.8109783728115345 0.04531368821292774 0.055870236869207
0 0.30734790874524714 0.8142430484037075 0.0443631178707224 0.05210092687950558
0 0.34584600760456274 0.8137281153450051 0.04847908745247148 0.06136972193614822
0 0.38846958174904944 0.8082286302780638 0.05449619771863122 0.050381050463439825
0 0.42934410646387833 0.808918640576725 0.04118821292775669 0.05175077239958805
0 0.4714828897338403 0.8082286302780638 0.043089353612167286 0.050381050463439825
0 0.5101425855513307 0.8068589083419155 0.03168250950570335 0.047631307929969106
0 0.5525950570342205 0.808918640576725 0.04056083650190121 0.05175077239958805
0 0.5890399239543725 0.806519052523172 0.043726235741444866 0.05381050463439753
0 0.6299144486692014 0.8061688980432543 0.04308935361216723 0.04626158599382088