0 0.3281470588235294 0.8955402298850574 0.04565686274509809 0.0564367816091953
0 0.3712843137254902 0.9012873563218391 0.04229411764705881 0.05808045977011491
0 0.4120490196078432 0.9037471264367816 0.03697058823529415 0.05314942528735633
0 0.4535 0.9098275862068965 0.041460784313725456 0.06202298850574717
0 0.492156862745098 0.9137701149425288 0.040333333333333374 0.05677011494252885
0 0.5376764705882352 0.9188620689655173 0.05013725490196088 0.05709195402298859
0 0.5861372549019608 0.919022988505747 0.04061764705882359 0.05413793103448265
0 0.627313725490196 0.9234597701149425 0.03893137254901964 0.06629885057471271
0 0.6721274509803922 0.9236206896551724 0.05013725490196088 0.06333333333333323
0 0.7180686274509803 0.9292068965517241 0.05238235294117653 0.06794252873563207
0 0.7704509803921569 0.9310114942528736 0.05069607843137258 0.06170114942528743