0 0.08421052631578947 0.9341210710128055 0.053588516746411484 0.06149010477299178
0 0.13082296650717704 0.930628637951106 0.04565550239234449 0.07112922002328279
0 0.17307177033492824 0.9359487776484284 0.0399138755980861 0.06847497089639108
0 0.2131196172248804 0.9331199068684516 0.040736842105263155 0.06614668218859131
0 0.2507177033492823 0.9371129220023283 0.05304306220095692 0.07413271245634466
0 0.30239234449760766 0.9346216530849826 0.041559808612440144 0.06580908032596039
0 0.34053588516746414 0.940442374854482 0.04401913875598086 0.06747380675203729
0 0.3811387559808613 0.9354481955762514 0.045933014354066985 0.06414435389988347
0 0.423244019138756 0.9449359720605356 0.04265071770334933 0.07979045401629797
0 0.46944497607655494 0.9394412107101281 0.04210526315789468 0.07213038416763683
0 0.51511004784689 0.9424330616996507 0.040468899521531064 0.07146682188591397
0 0.55311004784689 0.9421071012805587 0.03444976076555024 0.06415599534342246
0 0.5976746411483254 0.9414435389988359 0.041559808612440255 0.0761233993015135
0 0.6486698564593302 0.9432712456344586 0.04238277511961719 0.05649592549476132
0 0.6866698564593302 0.9412689173457508 0.03636363636363636 0.06580908032596039
0 0.7361626794258372 0.9416065192083819 0.04238277511961719 0.07313154831199062
0 0.7748421052631579 0.9374505238649592 0.045933014354066985 0.06813736903376015