0 0.08933269780743565 0.9492716763005781 0.05611058150619636 0.04818497109826597
0 0.13413727359389896 0.9504393063583815 0.044938036224976156 0.053803468208092446
0 0.18289799809342233 0.9572023121387283 0.060734032411820765 0.06404624277456658
0 0.2202097235462345 0.9552254335260115 0.04276453765490945 0.06008092485549136
0 0.2613346043851287 0.9560462427745665 0.0542040038131554 0.07164161849710986
0 0.30286939942802665 0.9573757225433526 0.047387988560533875 0.06106358381502883
0 0.34931363203050525 0.9600115606936416 0.05039084842707341 0.06635838150289028
0 0.3952049571020019 0.9489479768786128 0.04140133460438508 0.05412716763005773
0 0.4333365109628217 0.9529132947976878 0.04140133460438508 0.06205780346820817
0 0.48413727359389896 0.9519190751445087 0.04222116301239272 0.06668208092485557
0 0.5316587225929457 0.9504393063583815 0.047387988560533875 0.053803468208092446
0 0.5712964728312678 0.9527514450867052 0.04222116301239272 0.06502890173410404
0 0.6166444232602478 0.9535722543352602 0.04303145853193527 0.050161849710982774
0 0.661582459485224 0.9507630057803468 0.040314585319351726 0.06106358381502883
0 0.7062535748331744 0.9567052023121386 0.04248808388941843 0.05974566473988447
0 0.7476549094375595 0.9560462427745665 0.03813155386081983 0.05842774566473984
0 0.7939561487130601 0.9534104046242775 0.04357483317445189 0.06635838150289028