0 0.23756496631376325 0.8344346978557505 0.04844080846968237 0.056783625730994144
0 0.2826467757459095 0.8354093567251462 0.04555341674687203 0.05224171539961005
0 0.32483156881616937 0.8282651072124756 0.04331087584215592 0.050935672514619876
0 0.3695861405197305 0.8295614035087719 0.04619826756496631 0.053538011695906496
0 0.4096920115495669 0.825009746588694 0.042993262752646734 0.05743664717348934
0 0.4480269489894129 0.8237134502923976 0.04588065447545713 0.05483430799220272
0 0.4898941289701636 0.8214424951267056 0.04940327237728584 0.056783625730994144
0 0.5354475457170357 0.8217641325536063 0.037853705486044206 0.06392787524366464
0 0.5731472569778633 0.8229044834307991 0.03946102021174206 0.05646198830409363
0 0.615014436958614 0.825009746588694 0.042993262752646845 0.05743664717348934
0 0.6571992300288739 0.8211111111111111 0.0407410972088546 0.04963937621832365