0 0.07492795389048991 0.8269937369519833 0.04556195965417868 0.051837160751565844
0 0.114178674351585 0.8249060542797495 0.04171950048030739 0.053622129436325564
0 0.15561959654178675 0.8269937369519833 0.04226705091258405 0.051837160751565844
0 0.19596541786743515 0.8241544885177453 0.05159462055715656 0.06704592901878917
0 0.23809798270893373 0.8289352818371608 0.05077809798270895 0.05273486430062629
0 0.27857829010566765 0.8241544885177453 0.04665706051873204 0.055114822546972815
0 0.3211239193083574 0.8240083507306889 0.049404418828049905 0.057797494780793206
0 0.36077809798270893 0.8281837160751565 0.038146013448607144 0.05422755741127353
0 0.4040057636887608 0.8228183716075157 0.03951969260326608 0.05541753653444668
0 0.44408261287223827 0.8213256784968685 0.03183477425552352 0.04646137787056367
0 0.4830547550432277 0.8168475991649269 0.032939481268011495 0.05541753653444668
0 0.5214793467819404 0.8181941544885177 0.04390970220941406 0.055114822546972815
0 0.5674447646493757 0.8219206680584551 0.03979827089337182 0.04766179540709821
0 0.6099903938520653 0.8190918580375783 0.042545629202689686 0.05093945720250517
0 0.6495100864553314 0.8170041753653445 0.03375600384245927 0.05272442588726513
0 0.6864265129682997 0.8165553235908142 0.03897214217098937 0.0607828810020877
0 0.7266378482228626 0.8235594989561587 0.05077809798270884 0.05392484342379967