0 0.09151572926596759 0.8407447864945382 0.05274547187797901 0.05223435948361461
0 0.13568160152526218 0.843227408142999 0.033050524308865604 0.04726911618669306
0 0.171115347950429 0.83759682224429 0.043536701620591055 0.05586891757696126
0 0.20988560533841752 0.8389275074478649 0.044804575786463297 0.05852035749751744
0 0.25755004766444234 0.8415789473684211 0.038446139180171604 0.06381330685203573
0 0.29425166825548144 0.8448857994041707 0.03877025738798852 0.05719960278053616
0 0.3336510962821735 0.8468718967229394 0.04130600571973312 0.061171797418073395
0 0.37893231649189707 0.8409136047666336 0.039723546234509015 0.04925521350546168
0 0.41706387035271686 0.8438927507447864 0.039723546234509015 0.048589870903674344
0 0.4597998093422307 0.8424031777557099 0.04575786463298379 0.048917576961271095
0 0.4993612964728313 0.8433962264150943 0.04544327931363205 0.05752730883813313
0 0.5417826501429933 0.8457100297914598 0.044489990467111606 0.05554121151936451
0 0.5862726406101049 0.8467030784508441 0.044489990467111606 0.05090367428003971
0 0.6282173498570067 0.8422343594836147 0.03939942802669202 0.051896722939424024
0 0.6679408960915157 0.8435650446871897 0.03622497616777884 0.0545481628599802
0 0.7084556720686368 0.8541509433962264 0.0441658722592945 0.04925521350546168
0 0.7545281220209723 0.8455511420059583 0.04099142040038131 0.05852035749751744