0 0.31239463601532563 0.9169675925925925 0.03913793103448277 0.05417824074074068
0 0.35125478927203063 0.9220949074074075 0.040229885057471264 0.054513888888888785
0 0.3936781609195402 0.9260648148148148 0.04296934865900384 0.06245370370370375
0 0.43322796934865904 0.9254050925925925 0.042691570881226104 0.06113425925925919
0 0.47701149425287354 0.9239236111111111 0.04269157088122605 0.061458333333333226
0 0.5224425287356321 0.9273958333333333 0.04597701149425287 0.07833333333333341
0 0.5606226053639847 0.9280555555555556 0.0374904214559388 0.05319444444444449
0 0.604272030651341 0.9207754629629629 0.03995210727969352 0.0650925925925926
0 0.6439559386973179 0.9260648148148148 0.03722222222222213 0.06245370370370375
0 0.6839080459770115 0.9298726851851852 0.04050766283524901 0.06013888888888893
0 0.7311206896551724 0.9250810185185185 0.04460727969348653 0.053854166666666634