0 0.09856459330143541 0.8215440414507772 0.053588516746411484 0.060373056994818645
0 0.14114832535885166 0.8177512953367876 0.03987559808612442 0.05967875647668385
0 0.1845263157894737 0.8123937823834197 0.03732057416267943 0.05932642487046632
0 0.21977990430622008 0.8142901554404145 0.04083253588516748 0.052766839378238416
0 0.25933014354066986 0.8130880829015544 0.04337799043062202 0.060715025906735665
0 0.3028708133971292 0.8103212435233161 0.05071770334928229 0.05518134715025907
0 0.34497607655502394 0.8022072538860103 0.04561722488038274 0.06312953367875655
0 0.38452631578947366 0.8082487046632125 0.0354066985645933 0.06486010362694292
0 0.42392344497607654 0.8039274611398963 0.04083253588516742 0.059668393782383346
0 0.4660287081339713 0.8059999999999999 0.03572248803827755 0.05
0 0.5087751196172249 0.8047979274611399 0.044660287081339727 0.05794818652849749