0 0.11668273866923819 0.8491359325605902 0.05702989392478301 0.05083245521601687
0 0.1606268081002893 0.8471759747102213 0.04849566055930571 0.04992623814541634
0 0.20057859209257473 0.8431190727081138 0.04573770491803279 0.050821917808219194
0 0.24425265188042433 0.8468809272918862 0.05317261330761815 0.055342465753424636
0 0.28998071359691413 0.844172813487882 0.04545805207328832 0.05594309799789243
0 0.3314464802314368 0.8483877766069547 0.04849566055930565 0.05232876712328776
0 0.3741562198649952 0.8438672286617492 0.040221793635487016 0.04932560590094831
0 0.41727097396335583 0.8393466807165437 0.04656702025072321 0.04631190727081143
0 0.46108003857280616 0.8429610115911486 0.040501446480231434 0.053540569020021016
0 0.5033751205400193 0.838904109589041 0.03967213114754103 0.05443624868282411
0 0.5434619093539056 0.8393466807165437 0.03443587270973967 0.04631190727081143
0 0.5828640308582449 0.843572181243414 0.04160077145612353 0.054741833508956846
0 0.6261234329797493 0.8401053740779768 0.03443587270973967 0.0568493150684932
0 0.6684088717454195 0.8336354056902002 0.033616200578592 0.05292939936775555
0 0.7087753134040502 0.8370916754478398 0.03443587270973967 0.050821917808219194
0 0.7540983606557377 0.8333298208640675 0.04518804243008669 0.05835616438356176
0 0.7954291224686596 0.8310748155953636 0.03967213114754108 0.050821917808219194