0 0.07331106870229008 0.8527632950990615 0.06075381679389313 0.05727841501564136
0 0.11307251908396947 0.8468508863399374 0.04484732824427481 0.06631908237747644
0 0.1561736641221374 0.8511991657977059 0.057891221374045815 0.05762252346193951
0 0.19926526717557252 0.8468508863399374 0.04548664122137406 0.05240875912408758
0 0.24172709923664124 0.8496350364963503 0.044532442748091615 0.05796663190823766
0 0.28228053435114503 0.8478936392075078 0.05248091603053435 0.0614494264859229
0 0.32633587786259544 0.843201251303441 0.04834923664122134 0.062492179353493285
0 0.37166030534351147 0.8478936392075078 0.046755725190839696 0.0614494264859229
0 0.4128530534351145 0.8471949947862357 0.04325381679389317 0.06005213764337843
0 0.45610687022900764 0.837466110531804 0.040715648854961796 0.054494264859228356
0 0.4988835877862596 0.837466110531804 0.03403625954198475 0.054494264859228356
0 0.5413454198473283 0.8402502606882168 0.04580152671755725 0.06005213764337843
0 0.584131679389313 0.8381647549530761 0.039122137404580155 0.05588112617309689
0 0.6253148854961832 0.8381647549530761 0.035620229007633515 0.05588112617309689
0 0.6653912213740458 0.8305109489051096 0.03943702290076329 0.054494264859228356
0 0.7080152671755725 0.8312095933263817 0.035620229007633515 0.05588112617309689
0 0.7506393129770992 0.8327737226277372 0.04453244274809167 0.05553701772679874