0 0.21108674928503338 0.8255496828752643 0.04357483317445184 0.04977801268498934
0 0.2504385128693994 0.824799154334038 0.0433079122974261 0.05127906976744185
0 0.28857006673021923 0.8211733615221988 0.043307912297426074 0.04403805496828761
0 0.32738798856053386 0.8241966173361522 0.04194470924690181 0.062156448202959784
0 0.36837940896091514 0.8176955602536997 0.044938036224976156 0.04615221987315019
0 0.412230695900858 0.8243446088794927 0.04003813155386082 0.059439746300211434
0 0.451582459485224 0.817093023255814 0.03976167778836991 0.05701902748414382
0 0.48754051477597715 0.8133192389006342 0.046301239275500526 0.05249471458773793
0 0.5278455672068637 0.8163424947145878 0.03976167778836991 0.058530655391120394
0 0.5625738798856054 0.8121141649048625 0.035681601525262216 0.05007399577167008
0 0.6023450905624405 0.8134672304439746 0.04984747378455669 0.06184989429175475
0 0.6387035271687321 0.8099999999999999 0.03813155386081983 0.05188160676532762
0 0.6773784556720687 0.8128646934460888 0.03921830314585329 0.06064482029598297
0 0.7179599618684461 0.8137737843551798 0.04957102001906578 0.05641649048625781