0 0.07178041543026706 0.9363398692810457 0.058783382789317516 0.0606535947712419
0 0.11840751730959445 0.9315141612200436 0.04464886251236401 0.06034858387799574
0 0.15995054401582592 0.9304248366013071 0.04295746785361029 0.06750544662309371
0 0.2013550939663699 0.9322875816993464 0.04380811078140457 0.058790849673202646
0 0.24586547972304648 0.9402287581699347 0.04521266073194857 0.05287581699346401
0 0.2862809099901088 0.9354030501089325 0.0412561819980218 0.06501089324618743
0 0.3331948565776459 0.9366448801742919 0.04464886251236398 0.05505446623093678
0 0.3736003956478734 0.9403812636165577 0.040692383778437174 0.05007625272331158
0 0.4140158259149357 0.9350871459694988 0.04804154302670628 0.058169934640522974
0 0.4603659742828882 0.9383551198257081 0.03900098911968343 0.06159041394335508
0 0.5028981206726014 0.939760348583878 0.04210682492581607 0.06128540305010892
0 0.5498120672601385 0.942875816993464 0.04549950544015826 0.05505446623093678
0 0.5934718100890207 0.9434967320261438 0.03956478733926805 0.056296296296296365
0 0.633461918892186 0.9408496732026145 0.0432344213649852 0.06656862745098029