0 0.19825714285714285 0.8506237006237006 0.06 0.06507276507276498
0 0.2412666666666667 0.8499272349272349 0.047619047619047644 0.06367983367983367
0 0.2795238095238095 0.862058212058212 0.057457142857142894 0.06715176715176706
0 0.32936190476190474 0.8580769230769231 0.04920952380952377 0.05571725571725562
0 0.36888571428571426 0.8573804573804573 0.048885714285714324 0.05432432432432432
0 0.41349523809523814 0.8573804573804573 0.04602857142857147 0.05432432432432432
0 0.45825714285714286 0.858939708939709 0.040314285714285754 0.053981288981289045
0 0.4974571428571429 0.8558212058212058 0.045714285714285714 0.054677754677754584
0 0.5406380952380953 0.8476715176715177 0.0431714285714285 0.06264033264033263
0 0.5842857142857143 0.8523492723492724 0.04476190476190476 0.061600831600831595
0 0.6301619047619047 0.8523492723492724 0.04444761904761912 0.061600831600831595
0 0.6682571428571428 0.8464656964656965 0.04444761904761912 0.05674636174636166
0 0.7098380952380953 0.8423076923076923 0.04507619047619041 0.06229729729729736
0 0.7558761904761905 0.8499272349272349 0.0419047619047619 0.06367983367983367