0 0.2038417540514776 0.8115718717683557 0.051792183031458515 0.06093071354705282
0 0.24086749285033363 0.8107135470527405 0.04639656816015254 0.06265770423991719
0 0.29249761677788366 0.8134746639089969 0.044804575786463297 0.05438469493278172
0 0.3236415633937083 0.8105377456049637 0.043536701620591 0.051964839710444674
0 0.3668541468064824 0.8122647362978284 0.04099142040038131 0.04852119958634961
0 0.4102287893231649 0.8127817993795243 0.03558627264061014 0.05299896587383661
0 0.44677788369876076 0.8150258531540848 0.03877025738798852 0.054033092037228544
0 0.4883984747378456 0.8103722854188211 0.03939942802669207 0.05506721820062047
0 0.5322497616777884 0.8138159255429163 0.03813155386081983 0.04817993795243011
0 0.5684747378455672 0.8115718717683557 0.034318398474737846 0.06093071354705282
0 0.6163012392755005 0.8162254395036194 0.037816968541468134 0.05989658738366088