0 0.20721153846153847 0.8527064676616916 0.0522403846153846 0.049681592039801055
0 0.24807692307692308 0.8515422885572139 0.04743269230769232 0.044039800995024865
0 0.28589423076923076 0.8522089552238806 0.046153846153846156 0.04537313432835812
0 0.3349326923076923 0.8555223880597015 0.04807692307692308 0.0520099502487562
0 0.37596153846153846 0.8498805970149254 0.04038461538461539 0.0473631840796019
0 0.41377884615384614 0.8548557213930348 0.039105769230769194 0.050676616915422946
0 0.45913461538461536 0.8532039800995025 0.04326923076923077 0.05399999999999998
0 0.5028846153846154 0.8570149253731343 0.03781730769230768 0.05167164179104484
0 0.5416634615384616 0.8585074626865671 0.04487500000000007 0.05134328358208946
0 0.5871826923076923 0.8573432835820896 0.046153846153846156 0.058975124378109436
0 0.6288461538461538 0.8546965174129354 0.039740384615384546 0.05366169154228862
0 0.676125 0.8550248756218906 0.03493269230769224 0.04769154228855728
0 0.7189134615384615 0.8535323383084576 0.04679807692307699 0.048029850746268636
0 0.7631442307692308 0.851044776119403 0.045509615384615315 0.053004975124378094