0 0.29536728697355535 0.9417502668089648 0.04785504407443684 0.06552828175026691
0 0.33972575905974534 0.9440341515474919 0.04421155729676786 0.07315901814300955
0 0.38435847208619 0.9428068303094984 0.035543584720861866 0.05851654215581636
0 0.42787463271302645 0.9421985058697973 0.035817825661116603 0.057299893276414146
0 0.4715279138099902 0.9472358591248665 0.04476983349657202 0.06431163287086446
0 0.5160235063663076 0.9467769477054429 0.03861900097943194 0.06035218783351116
0 0.564152791380999 0.9493703308431163 0.04533790401567087 0.062486659551760894
0 0.6066895200783545 0.954247598719317 0.040852105778648416 0.060042689434364985
0 0.6529970617042116 0.957598719316969 0.046728697355533824 0.060651013874066094
0 0.7044955925563173 0.9620277481323372 0.037776689520078295 0.05424759871931689
0 0.7508031341821744 0.954247598719317 0.043653281096963696 0.060042689434364985
0 0.8039764936336925 0.9571504802561366 0.04925563173359448 0.056691568836712794