0 0.20234741784037558 0.8433506763787721 0.04788732394366197 0.05924037460978154
0 0.24241314553990612 0.8409261186264309 0.04037558685446009 0.06132154006243503
0 0.2796525821596244 0.8544536940686784 0.046009389671361506 0.05369406867845984
0 0.32425352112676054 0.8567117585848074 0.04444131455399065 0.05473465140478659
0 0.366037558685446 0.8528928199791883 0.04350234741784041 0.05403746097814783
0 0.40767136150234745 0.8530697190426638 0.04538028169014088 0.06478668054110301
0 0.45117370892018777 0.8537565036420396 0.038497652582159626 0.052299687825182094
0 0.4951455399061033 0.8443912591050989 0.03568075117370892 0.05438085327783558
0 0.5366197183098591 0.8393652445369407 0.04037558685446009 0.06166493236212278
0 0.57981220657277 0.8428303850156088 0.03912676056338035 0.054724245577523326
0 0.6217558685446009 0.8407492195629553 0.03537089201877941 0.05056191467221636
0 0.662131455399061 0.8442247658688865 0.03474178403755868 0.05750260145681581
0 0.705943661971831 0.8437044745057232 0.047258215962441244 0.05299687825182109
0 0.7466384976525822 0.8416233090530697 0.05352112676056338 0.06270551508844953