0 0.03996948118006104 0.9689867841409692 0.04795523906408952 0.061960352422907476
0 0.08501525940996947 0.9700881057268723 0.0508646998982706 0.05472466960352429
0 0.13356052899287893 0.9652202643171806 0.04912512716174975 0.054405286343612434
0 0.18267548321464902 0.9641189427312775 0.048535096642929786 0.06164096916299563
0 0.22903357070193284 0.9620704845814977 0.05115971515768059 0.060704845814977856
0 0.2735096642929807 0.9590748898678414 0.052899287894201424 0.06416299559471364
0 0.3178331637843337 0.9515308370044053 0.0456358087487284 0.06164096916299563
0 0.3672431332655137 0.9519933920704845 0.051444557477110936 0.05314977973568281
0 0.40807731434384537 0.9480616740088106 0.048830111902339775 0.06101321585903094
0 0.4551678535096643 0.9488546255506607 0.04998982706002033 0.05943832599118946
0 0.49949135300101727 0.9449118942731278 0.05435401831129197 0.05471365638766527
0 0.5459918616480163 0.9419273127753304 0.042726347914547304 0.05818281938325983
0 0.590030518819939 0.9419273127753304 0.04069175991861648 0.05818281938325983
0 0.6307222787385555 0.9412995594713657 0.04069175991861648 0.05691629955947144
0 0.6783926754832147 0.938942731277533 0.05463886063072232 0.06164096916299563
0 0.7266429298067141 0.9494823788546255 0.04650050864699902 0.060693832599118834
0 0.7725635808748728 0.952466960352423 0.04534079348931835 0.05723568281938329