0 0.13068560235063664 0.9572183098591549 0.05709108716944173 0.05931924882629104
0 0.17405484818805095 0.9483333333333334 0.05988246816846228 0.07172535211267594
0 0.22219392752203723 0.9528638497652583 0.05540646425073457 0.07071596244131455
0 0.2662683643486778 0.9491784037558686 0.04561214495592558 0.07004694835680758
0 0.31132223310479923 0.9461502347417841 0.05177277179236044 0.057300469483568
0 0.35622918707149853 0.9407863849765258 0.03806072477962783 0.059976525821596134
0 0.4005876591576885 0.9404577464788733 0.04561214495592561 0.052605633802816826
0 0.4424191968658178 0.9386032863849766 0.04253672869735548 0.05897887323943662
0 0.4880411361410382 0.933744131455399 0.04981390793339864 0.06602112676056338
0 0.5314103819784526 0.9270422535211268 0.05260528893241923 0.07943661971830994
0 0.5733888344760039 0.9340845070422535 0.03581782566111649 0.059976525821596134
0 0.6169049951028404 0.9320657276995306 0.03610186092066592 0.0559507042253522
0 0.6612536728697356 0.9248591549295775 0.043653281096963696 0.06501173708920199
0 0.7049069539666993 0.922007042253521 0.041420176297747274 0.04924882629107986
0 0.7432517140058766 0.917981220657277 0.04533790401567087 0.06802816901408455
0 0.7855044074436827 0.9267018779342723 0.045896180215474924 0.0586384976525822