0 0.14258555133079848 0.827061266874351 0.044363117870722446 0.04387331256490135
0 0.1821958174904943 0.8211734164070612 0.04118821292775664 0.05287642782969893
0 0.23177756653992398 0.8220456905503635 0.04847908745247151 0.06499480789200407
0 0.27059885931558936 0.8204880581516095 0.04689163498098863 0.06533748701973009
0 0.30988593155893535 0.8192731048805816 0.049429657794676805 0.05944963655244029
0 0.3525 0.8161578400830738 0.04277566539923954 0.060145379023883776
0 0.3889448669201521 0.814423676012461 0.04594106463878331 0.06360332294911734
0 0.43250950570342206 0.8230841121495327 0.04752851711026616 0.060145379023883776
0 0.4687927756653993 0.8203115264797508 0.04087452471482895 0.05461059190031144
0 0.5148954372623574 0.818753894080997 0.04752851711026616 0.06880581516095534
0 0.5538688212927756 0.8241225337487019 0.04308935361216723 0.055306334371754924