0 0.06221904761904762 0.8156386292834892 0.04507619047619048 0.055649013499480704
0 0.10254285714285714 0.8125233644859814 0.04317142857142858 0.0563343717549325
0 0.13873333333333332 0.8095846313603323 0.039361904761904744 0.0539148494288682
0 0.17809523809523808 0.8121806853582555 0.0419047619047619 0.04872274143302188
0 0.22063809523809522 0.8140809968847352 0.0380952380952381 0.05599169262720672
0 0.2577809523809524 0.8151194184839045 0.04254285714285713 0.05114226375908619
0 0.3073047619047619 0.813042575285566 0.04 0.04698857736240914
0 0.34317142857142857 0.8095846313603323 0.0419047619047619 0.0539148494288682
0 0.3834952380952381 0.8116614745586708 0.04 0.05806853582554525
0 0.4241238095238095 0.8113084112149532 0.04507619047619051 0.05044652128764271
0 0.46254285714285714 0.8140809968847352 0.0393619047619048 0.05599169262720672
0 0.5034952380952381 0.8068120456905504 0.03873333333333335 0.04836967808930418
0 0.5426952380952381 0.808546209761163 0.044123809523809454 0.05876427829698849
0 0.5825428571428571 0.800404984423676 0.0380952380952381 0.05287642782969893
0 0.6193619047619048 0.8019626168224299 0.04825714285714293 0.05252336448598123
0 0.6615904761904762 0.7981516095534787 0.037457142857142786 0.051827622014537986
0 0.699047619047619 0.7919210799584632 0.03619047619047619 0.05321910695742471