0 0.1059043062200957 0.8558645833333334 0.049119617224880396 0.05479166666666657
0 0.14784688995215312 0.8497916666666666 0.04688995215311005 0.0530520833333334
0 0.19059330143540668 0.8511770833333333 0.0430622009569378 0.05583333333333324
0 0.2312631578947368 0.8480520833333334 0.03827751196172246 0.04263541666666673
0 0.27352153110047844 0.8463125 0.05581818181818186 0.05998958333333325
0 0.3193014354066986 0.8483958333333333 0.04848803827751192 0.06416666666666657
0 0.36251674641148324 0.8489166666666667 0.04880382775119617 0.05478124999999991
0 0.4030334928229665 0.8463125 0.04688995215311005 0.05998958333333325
0 0.44577033492822965 0.8463125 0.0430622009569378 0.05998958333333325
0 0.48963636363636365 0.8464895833333334 0.04466028708133967 0.056864583333333246
0 0.5285454545454545 0.8416250000000001 0.045933014354066985 0.06103124999999991
0 0.5744784688995216 0.8463125 0.04848803827751203 0.05998958333333325
0 0.6183444976076554 0.84284375 0.03732057416267943 0.0530520833333334
0 0.6585358851674641 0.839375 0.04114832535885168 0.05998958333333325
0 0.6979234449760766 0.8376354166666666 0.04657416267942591 0.06346875000000006
0 0.7392344497607656 0.8362499999999999 0.0430622009569378 0.07457291666666659
0 0.7816555023923445 0.8378125 0.044976076555023926 0.060343750000000064