0 0.09190058479532165 0.9175757575757576 0.05847953216374269 0.05964285714285703
0 0.13589668615984407 0.9198917748917749 0.046228070175438604 0.05499999999999993
0 0.17515594541910331 0.9217532467532468 0.04121832358674466 0.058712121212121215
0 0.21219298245614035 0.9254653679653679 0.042884990253411304 0.05376623376623384
0 0.2553606237816764 0.9299458874458875 0.04567251461988305 0.05964285714285703
0 0.2926803118908382 0.9290151515151515 0.0423294346978557 0.06397186147186136
0 0.3361208576998051 0.9333441558441559 0.0512378167641326 0.060259740259740326
0 0.3817836257309941 0.9352056277056277 0.0423294346978557 0.06397186147186136
0 0.4231384015594542 0.935974025974026 0.044278752436647126 0.06242424242424249
0 0.4671442495126706 0.9398376623376623 0.04316764132553603 0.05469696969696966
0 0.5125341130604288 0.9438636363636363 0.03926900584795318 0.05655844155844155
0 0.5555555555555556 0.9471103896103896 0.04455165692007801 0.059956709956710055
0 0.5992787524366472 0.9503571428571429 0.048450292397660855 0.06335497835497832
0 0.6467543859649123 0.9537554112554112 0.04038011695906439 0.05161255411255417
0 0.6908966861598441 0.9531385281385282 0.04789473684210536 0.06273809523809527
0 0.7399025341130604 0.9577813852813853 0.04567251461988294 0.06583333333333326
0 0.7872417153996102 0.963030303030303 0.05123781676413249 0.05779220779220789