0 0.040675146771037174 0.9586565547128928 0.045009784735812124 0.056305525460455065
0 0.0786986301369863 0.9594366197183098 0.053953033268101754 0.05476706392199345
0 0.12468688845401175 0.9578873239436619 0.04249510763209394 0.05785482123510302
0 0.1668982387475538 0.9501516793066089 0.043052837573385516 0.06095341278439869
0 0.21261252446183954 0.9622210184182015 0.04780821917808221 0.05413867822318529
0 0.25929549902152643 0.9560346695557963 0.04612524461839529 0.05413867822318529
0 0.3026320939334638 0.9586565547128928 0.04892367906066536 0.056305525460455065
0 0.3438649706457926 0.9529360780065005 0.03355185909980427 0.047952329360780054
0 0.38425636007827785 0.9563380281690141 0.044452054794520496 0.06095341278439869
0 0.43779843444227007 0.9493716143011918 0.04249510763209388 0.06250270855904665
0 0.47511741682974556 0.9496858071505958 0.04165362035225054 0.06930660888407371
0 0.5299119373776908 0.9506067172264355 0.039422700587084115 0.052589382448537336
0 0.5752054794520548 0.9538678223185265 0.04053816046966738 0.05600216684723733
0 0.6133659491193738 0.9467388949079091 0.046966731898238745 0.060335861321776874
0 0.6631213307240705 0.9467388949079091 0.04585127201565548 0.047952329360780054
0 0.7051956947162427 0.9465872156013001 0.0377397260273972 0.05073672806067164
0 0.7553816046966731 0.948136511375948 0.04025440313111556 0.04763813651137598