0 0.16086567164179102 0.8628415841584158 0.053064676616915406 0.05835643564356441
0 0.2 0.8573960396039604 0.051741293532338306 0.050762376237623745
0 0.24410945273631843 0.8587128712871287 0.040467661691542305 0.04019801980198011
0 0.288726368159204 0.8623465346534653 0.046766169154228855 0.05405940594059397
0 0.33648756218905473 0.8643267326732673 0.04942288557213926 0.05801980198019793
0 0.382089552238806 0.861019801980198 0.051074626865671685 0.05142574257425748
0 0.4253731343283582 0.8601980198019802 0.04146268656716414 0.05306930693069298
0 0.46616915422885574 0.8628415841584158 0.050079601990049794 0.05835643564356441
0 0.5091243781094528 0.8587128712871287 0.04643781094527359 0.05340594059405946
0 0.5565472636815921 0.8613564356435643 0.041791044776119404 0.058683168316831666
0 0.6053034825870647 0.8582178217821782 0.03980099502487562 0.04910891089108902
0 0.6444477611940298 0.8550792079207921 0.03847761194029858 0.06594059405940585
0 0.6930348258706468 0.8577227722772277 0.03947263681592047 0.05801980198019793
0 0.7359900497512437 0.8564059405940594 0.04908457711442779 0.05537623762376244
0 0.7772835820895522 0.8542574257425742 0.04875621890547264 0.05438613861386145
0 0.8215621890547263 0.8549207920792079 0.04776119402985075 0.05571287128712869
0 0.8679900497512438 0.8547524752475247 0.04776119402985075 0.058683168316831666