0 0.2217675312199808 0.8824709976798144 0.037329490874159474 0.04734338747099762
0 0.26211335254562923 0.8871113689095128 0.0356772334293948 0.05662412993039437
0 0.299164265129683 0.8859512761020882 0.049404418828049905 0.06424593967517414
0 0.33442843419788665 0.8897679814385151 0.040345821325648415 0.06192575406032495
0 0.369702209414025 0.8920881670533642 0.031287223823246925 0.05994199535962885
0 0.4083957732949087 0.9007076566125289 0.037329490874159474 0.0506612529002321
0 0.4502497598463016 0.9003712296983759 0.030461095100864588 0.05662412993039437
0 0.49292987512007685 0.9126334106728539 0.041719500480307405 0.048004640371229826
0 0.5327281460134486 0.9083294663573086 0.03897214217098937 0.05928074245939664
0 0.5706051873198847 0.9169489559164733 0.03787704130643618 0.06325986078886307
0 0.6152065321805955 0.919106728538283 0.03650336215177714 0.06425754060324837
0 0.6580211335254563 0.9237470997679814 0.034303554274735866 0.06027842227378195
0 0.6996061479346781 0.9225870069605568 0.04336215177713747 0.06790023201856145
0 0.7440634005763689 0.9253944315545244 0.033487031700288085 0.056960556844547455
0 0.7860614793467819 0.9311948955916474 0.04610951008645533 0.058619489559164704