0 0.31346153846153846 0.91636460554371 0.039009615384615434 0.05631130063965878
0 0.35439423076923077 0.9159168443496801 0.038461538461538464 0.06454157782515987
0 0.3928557692307692 0.9188059701492538 0.038461538461538464 0.061194029850746366
0 0.43585576923076924 0.9242857142857143 0.044778846153846204 0.059968017057569295
0 0.47609615384615384 0.9239872068230278 0.045605769230769234 0.06545842217484019
0 0.5247211538461539 0.9297761194029851 0.038461538461538464 0.05875266524520245
0 0.5668942307692308 0.9293176972281451 0.03763461538461548 0.06698294243070355
0 0.6142884615384615 0.9364712153518123 0.041759615384615444 0.07216417910447767
0 0.6553557692307693 0.9352558635394456 0.03874038461538458 0.069722814498934
0 0.6989038461538462 0.9428784648187633 0.046153846153846156 0.06668443496801701
0 0.7480769230769231 0.9422601279317697 0.051096153846153944 0.06545842217484019