0 0.20601518026565463 0.9285483870967742 0.04608159392789373 0.04933179723502297
0 0.24965844402277038 0.9334907834101382 0.04120493358633774 0.05262672811059915
0 0.29086337760910813 0.9331566820276498 0.04771347248576847 0.05854838709677412
0 0.33111954459203036 0.9326612903225806 0.038766603415559785 0.0542626728110598
0 0.3732732447817837 0.9334907834101382 0.039032258064516115 0.05262672811059915
0 0.41447817836812145 0.9323387096774194 0.04554079696394687 0.060195852534562215
0 0.45825426944971537 0.9328341013824886 0.038225806451612866 0.06447004608294934
0 0.5001328273244782 0.9397465437788018 0.04336812144212527 0.05854838709677412
0 0.5441840607210626 0.9362903225806453 0.04202087286527511 0.05493087557603694
0 0.5852561669829223 0.9389170506912443 0.04012333965844399 0.060195852534562215
0 0.6280834914611005 0.9372695852534562 0.039032258064516226 0.06349078341013813
0 0.6728083491461101 0.9440207373271889 0.04716318785578751 0.06052995391705065
0 0.7157779886148007 0.9417165898617511 0.03279886148007584 0.0625
0 0.7626755218216319 0.9445161290322581 0.04526565464895639 0.06480414746543779