0 0.08340974212034384 0.8204061895551257 0.045845272206303724 0.04764023210831721
0 0.12129894937917861 0.8205609284332689 0.03884431709646611 0.04473887814313345
0 0.16045845272206305 0.8263636363636364 0.034383954154727794 0.04345261121856873
0 0.19993314231136583 0.8260444874274662 0.049665711556829036 0.04925531914893623
0 0.24259789875835722 0.8297485493230174 0.045845272206303724 0.0470019342359767
0 0.28541547277936963 0.8245938104448742 0.051891117478510065 0.04957446808510638
0 0.3234670487106017 0.8228239845261122 0.04202483285577841 0.05569632495164402
0 0.3624641833810888 0.8297485493230174 0.040429799426934136 0.0470019342359767
0 0.40321872015281757 0.8313636363636363 0.04553008595988535 0.05667311411992254
0 0.4414231136580707 0.8263636363636364 0.04553008595988535 0.056344294003868464
0 0.48758357211079273 0.8342649903288201 0.04234001910219674 0.05602514506769832
0 0.5261031518624643 0.8329787234042553 0.03660936007640872 0.05344294003868471
0 0.5687679083094556 0.8299129593810445 0.045530085959885454 0.0569922630560929
0 0.611585482330468 0.8350773694390716 0.038844317096466165 0.054410058027079294