0 0.3030421686746988 0.849782393669634 0.04384538152610438 0.04377843719090009
0 0.34789156626506024 0.8471513353115727 0.039829317269076264 0.0516913946587537
0 0.3932429718875502 0.8519287833827893 0.040160642570281124 0.0447774480712166
0 0.43641566265060244 0.8504451038575668 0.03948795180722896 0.045103857566765486
0 0.4797489959839357 0.8544015825914936 0.04919678714859438 0.0530168150346191
0 0.5220883534136547 0.8524233432245302 0.03681726907630524 0.049060336300692294
0 0.5681024096385543 0.8517606330365974 0.03848393574297181 0.0477448071216617
0 0.6191465863453814 0.8514342235410485 0.04350401606425695 0.05367952522255191
0 0.664487951807229 0.8499505440158258 0.04384538152610449 0.0540059347181008
0 0.6997991967871486 0.8514342235410485 0.05087349397590369 0.05367952522255191
0 0.7491666666666666 0.8516023738872404 0.04585341365461855 0.050712166172106804
0 0.7960140562248996 0.8545697329376855 0.04585341365461855 0.05004945598417399
0 0.82964859437751 0.849455984174085 0.04284136546184746 0.049723046488625106
0 0.8858734939759036 0.8482987141444115 0.04819277108433735 0.05729970326409502