0 0.26551923076923073 0.9621719457013574 0.044778846153846176 0.05233031674208144
0 0.3130480769230769 0.9603846153846154 0.04643269230769227 0.05846153846153854
0 0.35604807692307694 0.9603846153846154 0.04175961538461534 0.05846153846153854
0 0.4022019230769231 0.9587782805429864 0.05714423076923072 0.07462669683257922
0 0.45 0.9603846153846154 0.05384615384615385 0.05846153846153854
0 0.48599038461538463 0.9603846153846154 0.04340384615384614 0.05846153846153854
0 0.5370865384615385 0.9611990950226245 0.046701923076923016 0.06978506787330323
0 0.576375 0.9613574660633485 0.04285576923076917 0.06686651583710396
0 0.6276057692307693 0.9649208144796381 0.04368269230769237 0.06752262443438921
0 0.6762403846153846 0.9613574660633485 0.03653846153846154 0.05393665158371048
0 0.7131826923076924 0.9655656108597285 0.0527499999999999 0.05588235294117657
0 0.7653846153846153 0.9637895927601811 0.0472500000000001 0.06202488687782797
0 0.8087884615384615 0.9644343891402715 0.046153846153846156 0.06331447963800908
0 0.8531634615384615 0.9615158371040724 0.04972115384615388 0.05102941176470577