0 0.07764196342637152 0.8045769622833843 0.05261790182868142 0.059041794087665724
0 0.11549566891241578 0.805769622833843 0.05132820019249277 0.06482161060142703
0 0.1565640038498556 0.8115494393476045 0.04362848893166505 0.05598369011213055
0 0.19313763233878728 0.8106931702344546 0.05261790182868144 0.05768603465851164
0 0.23275264677574595 0.8127319062181447 0.04523580365736288 0.0481651376146789
0 0.2762271414821944 0.8074719673802243 0.04555341674687203 0.0478287461773701
0 0.3156881616939365 0.8146075433231397 0.041068334937439804 0.05530071355759429
0 0.35563041385948024 0.8113761467889908 0.04074109720885471 0.059041794087665724
0 0.40070259865255053 0.8157900101936799 0.03785370548604431 0.047492354740061075
0 0.4422521655437921 0.8162996941896024 0.034331087584215554 0.05190621814475033
0 0.482512030798845 0.8162996941896024 0.041068334937439804 0.05190621814475033
0 0.5272666025024062 0.8225891946992865 0.04395572666025031 0.06108053007135583