0 0.10378248315688161 0.8207327141382869 0.04395572666025023 0.05840041279669754
0 0.14436958614051973 0.8166047471620227 0.04491819056785372 0.050144478844169164
0 0.18255052935514918 0.8124767801857585 0.05069297401347451 0.05564499484004135
0 0.22842155919153034 0.8119607843137254 0.04619826756496634 0.06493292053663578
0 0.2712512030798845 0.8181527347781218 0.04523580365736285 0.04979360165118679
0 0.3120019249278152 0.81437564499484 0.04331087584215592 0.04911248710010312
0 0.34761308950914344 0.8080082559339525 0.0439557266602502 0.053581011351909257
0 0.39044273339749763 0.8056037151702786 0.042993262752646734 0.05564499484004135
0 0.43342637151106833 0.8074922600619195 0.039143407122232875 0.049102167182662464
0 0.4786621751684312 0.8112796697626419 0.033368623676612086 0.04979360165118679
0 0.5146005774783445 0.8071517027863777 0.041068334937439915 0.05529411764705875
0 0.5487680461982676 0.8073168214654283 0.042030798845043384 0.05219814241486061
0 0.5944850818094322 0.8059442724458205 0.04042348411934552 0.04945304437564507
0 0.6265640038498557 0.801640866873065 0.04042348411934552 0.04429308565531483