0 0.14709280303030303 0.8314822134387352 0.04482007575757574 0.05493083003952561
0 0.18813446969696968 0.8270355731225297 0.03851325757575759 0.05591897233201573
0 0.22805871212121212 0.8329644268774704 0.039460227272727286 0.05460474308300394
0 0.26957386363636365 0.8349407114624506 0.03724431818181822 0.045385375494071206
0 0.31139204545454546 0.8382411067193676 0.041979166666666706 0.051976284584980145
0 0.3459564393939394 0.8356027667984189 0.038513257575757534 0.046699604743083
0 0.38857007575757574 0.8410375494071146 0.041666666666666664 0.05427865612648228
0 0.4302367424242424 0.8402173913043478 0.03661931818181814 0.055928853754940624
0 0.4685890151515151 0.8444960474308301 0.04071969696969691 0.05790513833992086
0 0.5143655303030302 0.8454841897233202 0.03756628787878795 0.05329051383399216
0 0.5552367424242425 0.8443379446640317 0.03409090909090909 0.06086956521739122
0 0.5984848484848485 0.8482905138339921 0.038513257575757645 0.055602766798418954