0 0.22647117296222666 0.8452794411177645 0.05201789264413517 0.05315369261477045
0 0.2710437375745527 0.8429441117764471 0.04505964214711731 0.055149700598802386
0 0.3106361829025845 0.8471057884231536 0.04804174950298215 0.060149700598802376
0 0.3518886679920477 0.8477744510978045 0.04771371769383698 0.06147704590818354
0 0.3946322067594433 0.8505988023952096 0.047047713717693875 0.050499001996007896
0 0.4403578528827038 0.8515968063872255 0.04572564612326044 0.04583832335329348
0 0.48061630218687873 0.8527644710578842 0.05002982107355869 0.05149700598802386
0 0.5281610337972168 0.8519261477045909 0.04241550695825051 0.0531636726546906
0 0.5709045725646124 0.8550898203592814 0.041749502982107355 0.04950099800399192
0 0.613986083499006 0.8520958083832335 0.04837972166998019 0.050169660678642695
0 0.658220675944334 0.8587524950099801 0.04738568588469192 0.050169660678642695
0 0.7080815109343936 0.8585828343313373 0.05102385685884685 0.0531636726546906
0 0.7504970178926441 0.8574151696606787 0.04307157057654068 0.060808383233533
0 0.8015208747514911 0.8605788423153692 0.052355864811133274 0.057155688622754476