0 0.24875482625482623 0.9712884160756502 0.04247104247104247 0.05741134751773042
0 0.29005791505791506 0.9692671394799054 0.04343629343629344 0.061465721040189124
0 0.3341119691119691 0.9673877068557919 0.03944015444015445 0.05973995271867608
0 0.383484555984556 0.9689125295508275 0.0444015444015444 0.05939716312056738
0 0.42692084942084946 0.968758865248227 0.04578185328185323 0.06248226950354598
0 0.4726930501930502 0.9678959810874704 0.04909266409266411 0.06412529550827423
0 0.5165444015444015 0.968758865248227 0.04302123552123546 0.06248226950354598
0 0.5562644787644787 0.9648581560283688 0.045231660231660135 0.06479905437352239
0 0.6057625482625483 0.9712884160756502 0.04771235521235528 0.05741134751773042
0 0.6530598455598456 0.9687470449172576 0.045781853281853344 0.06243498817966896
0 0.6987065637065637 0.965531914893617 0.04054054054054054 0.06615839243498821
0 0.7397972972972973 0.9636761229314421 0.03999034749034755 0.05906619385342793
0 0.7865444015444015 0.9587825059101655 0.03695945945945942 0.06615839243498821
0 0.829015444015444 0.959468085106383 0.04468146718146715 0.0810520094562647