0 0.2702390057361377 0.8187603305785124 0.0497131931166348 0.05135904499540869
0 0.3146940726577438 0.8141689623507805 0.039837476099426346 0.04830119375573913
0 0.35819311663479925 0.8218273645546373 0.04716061185468455 0.045234159779614314
0 0.4024856596558317 0.81722681359045 0.040152963671128104 0.04217630853994496
0 0.44438814531548754 0.8176951331496787 0.05066921606118547 0.05840220385674923
0 0.4929923518164436 0.8218273645546373 0.04270554493307841 0.045234159779614314
0 0.5371223709369025 0.8264187327823692 0.05130975143403449 0.04830119375573913
0 0.5771223709369024 0.8218273645546373 0.045248565965583104 0.045234159779614314
0 0.6250764818355641 0.8262626262626263 0.04875717017208413 0.05105601469237824
0 0.6701720841300192 0.8212121212121212 0.05289674952198846 0.05626262626262624
0 0.719244741873805 0.8232047750229569 0.04907265774378578 0.04493112947658408
0 0.7651338432122371 0.8277961432506887 0.05162523900573614 0.04799816345270889
0 0.8107074569789675 0.8264187327823692 0.047160611854684446 0.04830119375573913
0 0.8572370936902485 0.8218273645546373 0.05098470363288712 0.057483930211202856