0 0.10805268109125117 0.8215881708652794 0.04408278457196612 0.04656078860898137
0 0.1487676387582314 0.8222124863088718 0.031448730009407344 0.047809419496166586
0 0.18021636876763875 0.8197152245345016 0.045964252116651 0.06784227820372404
0 0.22362182502351835 0.8231544359255202 0.04945437441204138 0.05594742606790792
0 0.2651552210724365 0.8245673603504929 0.04380997177798688 0.05564074479737125
0 0.30157102539981184 0.8197152245345016 0.033330197554092146 0.055323110624315434
0 0.3447130761994356 0.8208105147864184 0.041665098777046064 0.0481270536692224
0 0.3857008466603951 0.816736035049288 0.03493885230479773 0.04624315443592555
0 0.4198400752587018 0.8153340635268346 0.033330197554092146 0.04656078860898137
0 0.45652869238005644 0.8093866374589267 0.03951081843838194 0.05343921139101858
0 0.4928127939793039 0.8148630887185104 0.04220131702728124 0.05500547645125961
0 0.535145813734713 0.8120481927710843 0.03279397930385691 0.05564074479737125
0 0.5731796801505173 0.8071960569550931 0.03628410159924735 0.055323110624315434
0 0.6126904985888993 0.8096933187294633 0.03467544684854177 0.060328587075574945
0 0.6505832549388524 0.8093866374589267 0.0405832549388524 0.05343921139101858
0 0.6880809031044214 0.8106352683461118 0.03225776105362179 0.05594742606790792
0 0.722351834430856 0.8075027382256298 0.038974600188146816 0.04968236582694403