0 0.12855630413859478 0.8159516298633018 0.050875842155919164 0.06302839116719249
0 0.16678537054860443 0.8125026288117772 0.05582290664100096 0.0651314405888539
0 0.21476419634263713 0.8147528916929548 0.03904716073147256 0.06063091482649851
0 0.2505197305101059 0.8167087276550999 0.04455245428296438 0.061524710830704515
0 0.2930028873917228 0.816403785488959 0.03877767083734356 0.05492113564668771
0 0.3324639076034649 0.8195583596214511 0.04344562078922039 0.058222923238695996
0 0.3704138594802695 0.8174553101997897 0.04234841193455245 0.060031545741324834
0 0.41454282964388833 0.8230178759200841 0.0398748796920115 0.0681388012618296
0 0.4523580365736285 0.8230178759200841 0.041251203079884516 0.056119873817034586
0 0.49621751684311843 0.8249631966351209 0.04372473532242541 0.05702418506834912
0 0.5359576515880654 0.8236172450052576 0.0434456207892205 0.05732912723448999