0 0.08325358851674641 0.9051191827468785 0.0489377990430622 0.05833144154370046
0 0.12467942583732057 0.9057661748013621 0.047023923444976065 0.059625425652667395
0 0.16295693779904305 0.9088422247446084 0.036086124401913854 0.06903518728717359
0 0.20382775119617225 0.9117707150964812 0.04401913875598086 0.06838819523269013
0 0.23951196172248804 0.9081952326901248 0.036086124401913854 0.0677298524404087
0 0.2817511961722488 0.9159818388195233 0.05222009569377995 0.05735527809307602
0 0.3263157894736842 0.9208513053348467 0.03745454545454544 0.06060158910329183
0 0.3598086124401914 0.919228149829739 0.047023923444976065 0.05087400681044261
0 0.40491866028708134 0.9257094211123722 0.04429665071770331 0.06384790011350738
0 0.44976076555023925 0.9253916004540295 0.03554066985645932 0.06968217934165732
0 0.4914545454545455 0.9284676503972759 0.039645933014354075 0.06611804767309876
0 0.5342488038277512 0.930249716231555 0.045933014354066985 0.07292849035187288
0 0.5790813397129186 0.9308967082860385 0.04812440191387556 0.061248581157775296
0 0.6261148325358852 0.9364131668558456 0.04374162679425841 0.06578887627695805
0 0.669311004784689 0.93738933030647 0.042650717703349224 0.061248581157775296
0 0.714555023923445 0.9464699205448355 0.0483923444976076 0.06644721906923946
0 0.7574832535885168 0.9500340522133939 0.05222009569377984 0.06709421112372292