0 0.06971070395371264 0.936002344665885 0.05400192864030858 0.05923798358733877
0 0.10828351012536164 0.9271277842907386 0.04297974927675989 0.0716295427901523
0 0.1551205400192864 0.9339859320046894 0.04849566055930571 0.06861664712778426
0 0.1964416586306654 0.9328135990621337 0.03195756991321117 0.06291910902696374
0 0.23570877531340406 0.9386869871043377 0.04160077145612342 0.06459554513481819
0 0.2746962391513983 0.937010550996483 0.045188042430086804 0.06794841735052759
0 0.31877531340405013 0.9365064478311841 0.045188042430086804 0.06359906213364595
0 0.362304725168756 0.9365064478311841 0.03306653809064606 0.06359906213364595
0 0.4047348119575699 0.9319812426729192 0.04078109932497586 0.06459554513481819
0 0.44483124397299906 0.9396834701055099 0.04656702025072321 0.073305978898007
0 0.4927675988428158 0.9395193434935522 0.043259402121504295 0.049531066822977726
0 0.5369913211186114 0.9363423212192263 0.04078109932497586 0.06661195779601399
0 0.5783124397299904 0.9425322391559203 0.03526518804243003 0.07566236811254393
0 0.617029893924783 0.9361664712778428 0.03278688524590164 0.06962485345838229
0 0.6606943105110896 0.9346658851113716 0.040221793635487016 0.05656506447831184
0 0.7079459980713597 0.9363305978898008 0.03829315332690457 0.053212192262602695
0 0.7524493731918996 0.9349941383352872 0.04188042430086795 0.06392731535756152