0 0.2794258373205742 0.9507900943396226 0.039368421052631566 0.06127358490566042
0 0.3181148325358852 0.9502830188679245 0.04292822966507178 0.056898584905660375
0 0.3650047846889952 0.9526415094339623 0.041014354066985656 0.05487028301886789
0 0.4045071770334928 0.9507900943396226 0.0407368421052632 0.06127358490566042
0 0.45154066985645935 0.9502830188679245 0.04730143540669852 0.07037735849056612
0 0.49651674641148325 0.9517924528301887 0.03608612440191391 0.05655660377358495
0 0.5382105263157895 0.9519693396226415 0.04019138755980861 0.067004716981132
0 0.5812727272727273 0.9546580188679245 0.041559808612440255 0.058915094339622685
0 0.6211866028708134 0.9485966981132075 0.033904306220095756 0.06027122641509422
0 0.6654832535885167 0.953313679245283 0.034995215311004725 0.06970518867924516
0 0.7064976076555024 0.9573584905660377 0.040468899521531064 0.06431603773584901