0 0.2625 0.8475269872423945 0.04423076923076923 0.04899901864573117
0 0.3072115384615385 0.8489990186457311 0.047115384615384615 0.04867517173699697
0 0.351125 0.8447497546614328 0.03877884615384619 0.04671246319921483
0 0.39375 0.8404906771344456 0.040701923076923115 0.04474975466143269
0 0.43108653846153844 0.8416388616290481 0.04807692307692308 0.05030421982335622
0 0.4762788461538461 0.8424631992149166 0.042307692307692255 0.04867517173699697
0 0.5189134615384615 0.8378802747791952 0.04423076923076923 0.052600588812561244
0 0.5583365384615384 0.8326496565260059 0.05256730769230776 0.06830225711481835
0 0.6032019230769231 0.8305201177625122 0.039740384615384546 0.0542296368989205
0 0.6440673076923077 0.8328066732090285 0.03493269230769224 0.05226692836113836
0 0.6834903846153847 0.8328066732090285 0.04326923076923077 0.05226692836113836