0 0.2064846743295019 0.9131648351648352 0.04077586206896551 0.05175824175824166
0 0.24274904214559387 0.9136373626373626 0.04488505747126438 0.055846153846153775
0 0.2813314176245211 0.9188131868131868 0.03995210727969352 0.06306593406593418
0 0.3207471264367816 0.9235274725274725 0.0421455938697318 0.05364835164835158
0 0.36152298850574716 0.9233736263736263 0.0415996168582375 0.05647252747252758
0 0.40079501915708815 0.9244725274725275 0.04625478927203062 0.061813186813186816
0 0.44198275862068964 0.9302747252747252 0.04926245210727965 0.0577362637362637
0 0.4846743295019157 0.9331098901098901 0.04706896551724142 0.05710989010989014
0 0.5258620689655172 0.9313736263736263 0.05008620689655169 0.06307692307692318
0 0.5658141762452108 0.9357802197802197 0.04242337164750954 0.05930769230769234
0 0.6075574712643678 0.930120879120879 0.046522988505747064 0.06056043956043945
0 0.6521647509578544 0.9386043956043956 0.03174329501915718 0.05868131868131878
0 0.6943103448275862 0.9357802197802197 0.03940613026819933 0.05930769230769234
0 0.7398754789272031 0.9417362637362637 0.05117816091954029 0.06495604395604385