0 0.12108341323106424 0.8833524684270952 0.036711409395973144 0.06029850746268654
0 0.1529913710450623 0.8836854190585535 0.03205177372962609 0.06752009184845
0 0.19079578139980824 0.886142365097589 0.030958772770853328 0.06259471871412167
0 0.22928092042186002 0.8915614236509758 0.039443911792905066 0.07014925373134318
0 0.26900287631831254 0.8902525832376579 0.03671140939597312 0.06752009184845
0 0.30502396931927134 0.8979563719862227 0.04574304889741135 0.07309988518943751
0 0.34529242569511026 0.9022273249138921 0.033144774688398895 0.0619517795637199
0 0.3881687440076702 0.912227324913892 0.028485139022051808 0.06555683122847292
0 0.41830297219558965 0.9015614236509759 0.044928092042186014 0.07375430539609645
0 0.4621284755512943 0.9100918484500574 0.03396931927133265 0.06456946039035592
0 0.5052732502396932 0.9196096440872561 0.03534036433365288 0.06391504018369698
0 0.5497890699904122 0.9264982778415615 0.03396931927133275 0.05801377726750858
0 0.5938926174496644 0.933719862227325 0.039990412272291505 0.07245694603903548
0 0.6318312559923298 0.9389667049368542 0.04739213806327906 0.0698277841561423
0 0.6777181208053692 0.951435132032147 0.04327900287631841 0.06851894374282441
0 0.7231927133269415 0.9491389207807118 0.046567593480345094 0.07049368541905866
0 0.7711313518696069 0.9606199770378875 0.04930968360498568 0.07377726750861079