0 0.1310480769230769 0.8966021505376345 0.047798076923076915 0.05372043010752692
0 0.1664807692307692 0.8975161290322581 0.047249999999999986 0.061709677419354944
0 0.20329807692307694 0.9001290322580645 0.043951923076923055 0.06386021505376355
0 0.24217307692307694 0.9036666666666666 0.04752884615384613 0.061709677419354944
0 0.2826923076923077 0.9042795698924732 0.04340384615384614 0.06293548387096772
0 0.3153846153846154 0.9042795698924732 0.048355769230769195 0.06293548387096772
0 0.35948076923076927 0.9079677419354838 0.045875000000000034 0.058021505376344124
0 0.4022019230769231 0.9136559139784947 0.046153846153846156 0.06632258064516136
0 0.4409326923076923 0.9151935483870968 0.04121153846153847 0.06324731182795693
0 0.48159615384615384 0.9184193548387096 0.045605769230769234 0.06663440860215057
0 0.5193653846153846 0.9165698924731183 0.04698076923076913 0.07523655913978497
0 0.564701923076923 0.9247096774193548 0.04423076923076923 0.06387096774193558
0 0.6031634615384615 0.9142688172043011 0.04423076923076923 0.05525806451612914
0 0.6524711538461538 0.9222580645161291 0.03571153846153856 0.05894623655913972
0 0.69725 0.9210215053763441 0.04285576923076917 0.05649462365591394
0 0.7358557692307692 0.9220967741935483 0.05137500000000006 0.06172043010752698
0 0.7813173076923078 0.9199569892473117 0.046153846153846156 0.07584946236559136