0 0.2777360308285164 0.9311098265895953 0.05174373795761082 0.05809248554913295
0 0.3195664739884393 0.9301156069364162 0.047341040462427736 0.06271676300578034
0 0.36291907514450866 0.9289595375722542 0.03770712909441232 0.057098265895953876
0 0.4032466281310212 0.9269826589595376 0.049547206165703225 0.06634682080924867
0 0.44976878612716764 0.9215260115606937 0.03798651252408473 0.05875144508670513
0 0.4891233140655106 0.9210289017341041 0.04514450867052024 0.06766473988439303
0 0.5342678227360309 0.9273063583815029 0.04734104046242784 0.07361849710982667
0 0.5736319845857417 0.9261502890173411 0.054499036608863134 0.06799999999999992
0 0.6252408477842004 0.9304508670520232 0.03936416184971089 0.06997687861271673
0 0.6555202312138728 0.9182312138728324 0.04486512524084772 0.06535260115606933
0 0.7097398843930636 0.9284624277456648 0.04871868978805389 0.06601156069364152