0 0.20935483870967742 0.8250051813471503 0.047243401759530776 0.053461139896372974
0 0.2538318670576735 0.8258652849740933 0.041710654936461374 0.0517305699481866
0 0.2929325513196481 0.8319170984455958 0.041710654936461346 0.053461139896372974
0 0.3365884652981427 0.8281139896373056 0.03780058651026389 0.052766839378238416
0 0.3784652981427175 0.8343316062176166 0.04007820136852395 0.05138860103626935
0 0.41707722385141743 0.8350259067357513 0.03584555229716516 0.052766839378238416
0 0.45715542521994135 0.8364041450777202 0.04431085043988274 0.0555336787564766
0 0.5016324535679374 0.8402072538860104 0.03877810361681331 0.05622797927461139
0 0.543822091886608 0.8403730569948187 0.048220918866080084 0.05311917098445595
0 0.5889540566959922 0.8433160621761657 0.04398826979472141 0.0555336787564766
0 0.6316422287390029 0.8391709844559585 0.044643206256109555 0.06106735751295343
0 0.6744868035190615 0.8490155440414507 0.042355816226783895 0.06348186528497408
0 0.718475073313783 0.8481450777202073 0.04562072336265892 0.06521243523316068
0 0.7662072336265885 0.8471088082901554 0.04659824046920828 0.05622797927461139