0 0.21517669531996178 0.925264367816092 0.05103151862464184 0.060057471264367814
0 0.2521489971346705 0.9223103448275861 0.051298949379178616 0.060712643678160844
0 0.2985386819484241 0.9262528735632184 0.045845272206303724 0.055459770114942526
0 0.3428844317096466 0.9288735632183908 0.04447946513849097 0.060712643678160844
0 0.3823209169054441 0.9288735632183908 0.04421203438395412 0.060712643678160844
0 0.4213371537726838 0.9328160919540229 0.04039159503342881 0.06859770114942536
0 0.4645940783190067 0.9267471264367816 0.04775549188156638 0.059724137931034524
0 0.5126170009551099 0.9303563218390805 0.045568290353390675 0.07351724137931039
0 0.55396370582617 0.9277241379310345 0.04365807067812802 0.05512643678160924
0 0.5980324737344794 0.9310114942528736 0.03629417382999045 0.06170114942528743
0 0.6453772683858644 0.9323218390804597 0.04638968481375352 0.06432183908045981