0 0.31092042186001917 0.9245928338762215 0.04930968360498557 0.058599348534201984
0 0.35433365292425695 0.9238219326818675 0.034793863854266506 0.06014115092290999
0 0.39350910834132313 0.9318892508143323 0.041907957813998115 0.06387622149837126
0 0.4299424736337488 0.9370032573289903 0.043557046979865725 0.058599348534201984
0 0.473633748801534 0.9396416938110749 0.035062320230105457 0.048360477741585195
0 0.5147267497603069 0.9398045602605862 0.04054650047938635 0.04557003257328993
0 0.5597890699904123 0.9398045602605862 0.040268456375838924 0.05798045602605873
0 0.6073154362416107 0.9455374592833876 0.05040268456375833 0.06635179153094452
0 0.6473058485139022 0.9478718783930511 0.04273250239693187 0.06170466883821925
0 0.6896356663470757 0.9495765472312703 0.04793863854266539 0.06821932681867528
0 0.7377085330776606 0.9514332247557004 0.04821668264621281 0.07194353963083604
0 0.7853691275167786 0.9568621064060804 0.0449280920421859 0.061085776330075996
0 0.8245445829338447 0.9563952225841477 0.04109300095877268 0.06946796959826278
0 0.8757718120805369 0.9666340933767643 0.05040268456375833 0.058914223669923986