0 0.2819689621726479 0.94175 0.04849660523763336 0.06301086956521743
0 0.32229873908826384 0.9369347826086957 0.05431619786614937 0.06269565217391311
0 0.3707953443258972 0.9402065217391304 0.04600387972841896 0.06611956521739122
0 0.4131910766246363 0.9395760869565217 0.04766246362754606 0.06486956521739137
0 0.4539282250242483 0.9403586956521739 0.04600387972841896 0.06332608695652173
0 0.49840931134820565 0.9422173913043479 0.043511154219204616 0.054630434782608685
0 0.5452376333656644 0.9422173913043479 0.0429582929194956 0.054630434782608685
0 0.5870902036857419 0.9408260869565217 0.04351115421920456 0.06735869565217394
0 0.6326770126091174 0.9398913043478261 0.04322987390882632 0.059282608695652134
0 0.6706401551891367 0.9408260869565217 0.04710960232783699 0.06735869565217394
0 0.7196896217264791 0.9391086956521739 0.03990300678952483 0.06083695652173916
0 0.7622308438409311 0.9364782608695652 0.03907856450048493 0.0586630434782609
0 0.8033850630455868 0.9419130434782608 0.041018428709990264 0.060217391304347924
0 0.8549272550921435 0.9425326086956521 0.04433559650824446 0.061456521739130396