0 0.09256898192197907 0.8310587002096437 0.051921979067554705 0.0592452830188679
0 0.13429115128449096 0.8285115303983228 0.051103710751665074 0.0571488469601677
0 0.17425309229305422 0.8288155136268345 0.049476688867745006 0.06373165618448633
0 0.2146241674595623 0.8361530398322852 0.05137963843958135 0.06343815513626833
0 0.2533682207421504 0.8325576519916142 0.05001902949571838 0.05624737945492671
0 0.29549952426260706 0.8313626834381551 0.04186489058039962 0.05384696016771477
0 0.33519505233111324 0.8318029350104822 0.04512844909609891 0.05774633123689719
0 0.3746051379638439 0.8318029350104822 0.042407231208373024 0.05774633123689719
0 0.41810656517602285 0.8377987421383648 0.042407231208373024 0.05774633123689719
0 0.45603235014272125 0.8349580712788259 0.04485252140818267 0.061037735849056626
0 0.4982968601332065 0.8376519916142557 0.04512844909609896 0.06044025157232713
0 0.5457373929590866 0.8336058700209643 0.039419600380589975 0.061341719077568115
0 0.5844814462416745 0.8348008385744234 0.038058991436726926 0.06374213836477982
0 0.6267459562321599 0.8337526205450734 0.03833491912464316 0.058647798742138414
0 0.6692959086584205 0.8330083857442349 0.0445861084681255 0.06014675052410913
0 0.7110275927687916 0.840041928721174 0.03289248334919118 0.06524109014675053
0 0.7509895337773549 0.8339098532494759 0.04214081826831585 0.05595387840670871