0 0.09486166007905138 0.8640816326530613 0.03726284584980238 0.05274376417233558
0 0.13014822134387352 0.8600226757369615 0.03444664031620555 0.060839002267573786
0 0.16473320158102767 0.8676417233560091 0.04432806324110673 0.06634920634920632
0 0.20440711462450595 0.8731519274376417 0.04178853754940713 0.05792517006802712
0 0.2391304347826087 0.8848072562358277 0.03783596837944663 0.05534013605442171
0 0.2804940711462451 0.8851360544217688 0.03867588932806323 0.049512471655328884
0 0.3221343873517787 0.8909637188208617 0.045741106719367555 0.06116780045351479
0 0.3598221343873518 0.8911337868480725 0.04489130434782604 0.05825396825396838
0 0.39850790513833995 0.8959863945578231 0.04884387351778651 0.06149659863945579
0 0.4484782608695652 0.9000340136054422 0.041501976284584984 0.05340136054421758
0 0.49082015810276686 0.9000340136054422 0.035859683794466427 0.05340136054421758
0 0.5319071146245059 0.9036054421768708 0.041788537549407076 0.06700680272108833
0 0.5765118577075098 0.9029591836734694 0.04065217391304358 0.05275510204081629
0 0.6197035573122529 0.9048979591836734 0.04235177865612638 0.056643990929705255
0 0.6645948616600791 0.9159183673469388 0.04743083003952569 0.06571428571428575
0 0.7111758893280633 0.9130045351473922 0.04460474308300405 0.06636054421768704
0 0.761294466403162 0.9227210884353741 0.04601778656126476 0.05988662131519267