0 0.0810572259941804 0.9440238095238096 0.051270611057226 0.06423809523809527
0 0.12110572259941806 0.943857142857143 0.05098933074684773 0.06729761904761901
0 0.1607274490785645 0.9445357142857143 0.04710960232783704 0.06866666666666674
0 0.19925315227934046 0.9479404761904762 0.04101842870999032 0.0618571428571429
0 0.2455286129970902 0.9508333333333334 0.03935014548981573 0.06423809523809527
0 0.28875848690591654 0.9503214285714285 0.0371387002909796 0.059821428571428574
0 0.32229873908826384 0.9508333333333334 0.04322987390882643 0.06423809523809527
0 0.37245392822502427 0.9576309523809523 0.04933074684772067 0.07784523809523822
0 0.4140252182347236 0.9527023809523809 0.04378273520853539 0.05777380952380949
0 0.4532395732298739 0.9591666666666667 0.04739088263821534 0.06390476190476198
0 0.5013191076624637 0.9571190476190476 0.04655674102812803 0.059821428571428574
0 0.5430261881668283 0.9618809523809524 0.049602327837051506 0.0693452380952381
0 0.5884675072744908 0.9657976190476191 0.040737148399612025 0.06696428571428571
0 0.6322599418040737 0.9676666666666667 0.05071774975751694 0.06049999999999992
0 0.6836663433559651 0.9685119047619047 0.0454510184287099 0.058809523809523916
0 0.7213482056256062 0.9685119047619047 0.04322987390882632 0.058809523809523916
0 0.7754607177497576 0.9726190476190476 0.049466537342386034 0.05476190476190476