0 0.10442144873000941 0.803794506612411 0.04891815616180621 0.057222787385554426
0 0.1451834430856068 0.803794506612411 0.030103480714957668 0.07079348931841294
0 0.17779868297271872 0.8127772126144456 0.045155221072436504 0.05824008138351984
0 0.21903104421448732 0.8061648016276705 0.04296331138287866 0.055188199389623604
0 0.2568203198494826 0.805147507629705 0.04014111006585135 0.05993896236012215
0 0.29602069614299154 0.8085350966429298 0.0495484477892756 0.053153611393692776
0 0.3363123236124177 0.8085350966429298 0.0392003762935089 0.053153611393692776
0 0.3781749764816557 0.8081993896236013 0.038259642521166475 0.05925737538148525
0 0.41987770460959545 0.8114242115971516 0.040141110065851325 0.05553407934893176
0 0.4631514581373471 0.8112512716174975 0.03888052681091255 0.058585961342827994
0 0.5029821260583255 0.8136215666327569 0.03699905926622759 0.05655137334689717
0 0.5431138287864534 0.8205798575788403 0.04202257761053629 0.05349949135300094
0 0.5865475070555033 0.8131129196337741 0.037939793038570015 0.05213631739572736
0 0.6248071495766697 0.8117599186164802 0.039200376293509004 0.06299084435401839