0 0.18552023121387282 0.917556512378902 0.04899807321772641 0.06301399354144237
0 0.22460500963391136 0.9152529601722282 0.03908477842003853 0.06762109795479003
0 0.2650674373795761 0.9213993541442411 0.04844894026974951 0.06762109795479003
0 0.30773603082851636 0.9218622174381055 0.04018304431599233 0.05932185145317535
0 0.3466859344894027 0.9198600645855758 0.04376685934489398 0.046092572658772805
0 0.3889306358381503 0.9207857911733046 0.04293834296724475 0.06639397201291719
0 0.434354527938343 0.9206350914962325 0.04018304431599233 0.056856835306781414
0 0.4757803468208093 0.9241657696447793 0.03220616570327548 0.054703982777179694
0 0.5224373795761079 0.9238643702906351 0.04018304431599233 0.06024757804090423
0 0.5620712909441232 0.9284714747039827 0.04238921001926782 0.05102260495156091
0 0.6036319845857419 0.9235522066738429 0.04293834296724464 0.05347685683530685
0 0.6498747591522158 0.9238643702906351 0.036329479768786165 0.06024757804090423
0 0.6889595375722544 0.9254036598493004 0.0374373795761078 0.057168998923573626
0 0.7352023121387283 0.9332400430570507 0.041840077071291004 0.05132400430570513