0 0.05868627450980392 0.9418233944954129 0.044539215686274516 0.05467889908256888
0 0.10630392156862746 0.9400229357798165 0.05013725490196077 0.06090596330275218
0 0.15405882352941175 0.9406766055045871 0.04201960784313727 0.06221330275229358
0 0.1997156862745098 0.9349426605504587 0.04930392156862747 0.06057339449541277
0 0.2411764705882353 0.9377293577981652 0.042578431372549 0.06286697247706415
0 0.2850098039215686 0.9360894495412844 0.037813725490196126 0.06614678899082577
0 0.32241176470588234 0.9344495412844037 0.04817647058823528 0.06942660550458711
0 0.3721274509803921 0.9341169724770642 0.03837254901960783 0.06221330275229358
0 0.4149901960784314 0.9369036697247707 0.04005882352941178 0.06450688073394495
0 0.456578431372549 0.9313302752293579 0.04201960784313727 0.0730275229357799
0 0.5029411764705882 0.9265825688073395 0.047901960784313684 0.06680045871559633
0 0.5476176470588235 0.9297018348623853 0.0392156862745098 0.06318807339449531
0 0.593 0.9306766055045871 0.04033333333333343 0.058600917431192556
0 0.6350098039215687 0.9334633027522936 0.04594117647058814 0.06090596330275218
0 0.6759117647058823 0.9257683486238532 0.03809803921568618 0.06844036697247714
0 0.7235294117647059 0.9275688073394496 0.043696078431372486 0.06221330275229358
0 0.7672254901960784 0.9290366972477064 0.041460784313725456 0.06188073394495417