0 0.05260576923076924 0.9543023255813954 0.06400961538461537 0.0640813953488371
0 0.09670192307692307 0.9529767441860465 0.05054807692307692 0.0747093023255814
0 0.14066346153846154 0.9504767441860464 0.039557692307692294 0.06640697674418593
0 0.1883269230769231 0.958953488372093 0.049721153846153825 0.060093023255814025
0 0.22198076923076923 0.9549651162790698 0.04835576923076922 0.06540697674418605
0 0.26950961538461543 0.9543023255813954 0.039009615384615434 0.0640813953488371
0 0.3098942307692308 0.9556279069767443 0.048355769230769195 0.06674418604651174
0 0.3575576923076923 0.9576279069767442 0.04752884615384611 0.0707325581395348
0 0.40192307692307694 0.959453488372093 0.05109615384615383 0.06441860465116289
0 0.44285576923076925 0.9591162790697675 0.05054807692307697 0.07039534883720926
0 0.4939519230769231 0.959453488372093 0.042855769230769225 0.06441860465116289
0 0.5309038461538461 0.9607790697674419 0.04807692307692308 0.06706976744186054
0 0.5817307692307693 0.9597790697674419 0.045326923076923174 0.05843023255813953
0 0.6262403846153846 0.958453488372093 0.04643269230769227 0.06906976744186057
0 0.670875 0.9591162790697675 0.05604807692307689 0.07039534883720926
0 0.7207403846153847 0.9662558139534884 0.03763461538461548 0.06143023255813945
0 0.7655192307692308 0.9641046511627906 0.04477884615384609 0.06043023255813957