0 0.15523809523809523 0.7956332320162107 0.046980952380952366 0.057325227963525766
0 0.19587619047619045 0.7951266464032422 0.052066666666666685 0.06644376899696042
0 0.2311142857142857 0.7912462006079027 0.05269523809523808 0.06881458966565357
0 0.2750761904761905 0.7988449848024316 0.04857142857142857 0.053617021276595817
0 0.31397142857142857 0.8000303951367781 0.04698095238095242 0.05935157041540013
0 0.35745714285714286 0.7988449848024316 0.03873333333333329 0.053617021276595817
0 0.39666666666666667 0.802563323201621 0.044123809523809565 0.054285714285714215
0 0.43397142857142856 0.802563323201621 0.045714285714285714 0.054285714285714215
0 0.4777809523809524 0.8061094224924013 0.04444761904761901 0.05800405268490375
0 0.5184095238095239 0.8093110435663626 0.036828571428571495 0.054295845997973574
0 0.5619047619047619 0.8126950354609929 0.0412666666666666 0.047537993920972715
0 0.6012666666666667 0.805096251266464 0.04380952380952381 0.06273556231003047