0 0.20011022044088178 0.8816857798165139 0.04237474949899802 0.062201834862385334
0 0.23676352705410822 0.8805389908256881 0.03550100200400802 0.0566284403669726
0 0.2734068136272545 0.8852981651376147 0.04008016032064128 0.0628555045871559
0 0.3117635270541082 0.8921788990825689 0.03664328657314634 0.05696100917431201
0 0.3502705410821643 0.9070871559633028 0.053537074148296546 0.06384174311926614
0 0.39049098196392784 0.9057798165137615 0.028056112224448898 0.06121559633027535
0 0.42971943887775554 0.9147821100917432 0.04351703406813622 0.06941513761467887
0 0.4722344689378758 0.9177293577981651 0.03406813627254509 0.05565366972477061
0 0.5188977955911824 0.9224885321100917 0.04151302605210422 0.07498853211009186
0 0.5649899799599198 0.9255963302752294 0.036362725450901766 0.07138761467889908
0 0.6050701402805612 0.9321559633027523 0.04780561122244493 0.07138761467889908
0 0.6547394789579157 0.9387041284403669 0.04695390781563116 0.07138761467889908
0 0.7009719438877756 0.9493577981651377 0.05067134268537068 0.07630733944954124
0 0.7537975951903807 0.9513302752293578 0.050390781563126215 0.06713302752293573