0 0.18941473259334007 0.9390262582056893 0.04728557013118064 0.06748358862144427
0 0.2338143289606458 0.93917943107221 0.05535822401614529 0.06467177242888392
0 0.2831180625630676 0.938402625820569 0.044399596367305755 0.05373085339168479
0 0.3254994954591322 0.9365207877461706 0.04267406659939452 0.06248358862144409
0 0.3712008072653885 0.9363676148796499 0.050454086781029264 0.05278993435448578
0 0.42179616548940463 0.9379321663019693 0.03921291624621596 0.049671772428884126
0 0.45639757820383453 0.9344967177242889 0.03921291624621596 0.06154266958424508
0 0.5052573158425833 0.938402625820569 0.04756811301715438 0.05373085339168479
0 0.552108980827447 0.9373085339168491 0.046125126135216986 0.060919037199124795
0 0.6061654894046418 0.9491903719912472 0.05334006054490403 0.05967177242888399
0 0.6550353178607468 0.9524726477024069 0.038637739656912175 0.06311816192560181
0 0.7005953582240161 0.9543435448577681 0.04901109989909176 0.05436542669584251
0 0.7436932391523713 0.9552844638949671 0.04584258324924325 0.07499999999999996
0 0.7896770938446015 0.9582494529540482 0.04843592330978809 0.05904814004376371