0 0.23278370514064015 0.9641548527808069 0.058195926285160036 0.061352235550708824
0 0.27019398642095055 0.968298800436205 0.04988360814742966 0.06340239912759008
0 0.31259941804073715 0.9667393675027263 0.05154219204655673 0.06652126499454744
0 0.35762366634335596 0.9653980370774263 0.05015518913676046 0.06384950926935655
0 0.40515033947623663 0.9668047982551798 0.04821532492725513 0.06353326063249726
0 0.4458874878758487 0.9636205016357688 0.04655674102812803 0.07274809160305347
0 0.488360814742968 0.9656488549618321 0.04558680892337536 0.06870229007633588
0 0.5374781765276431 0.9697600872410033 0.049602327837051506 0.0601090512540893
0 0.5809893307468477 0.9694656488549618 0.04655674102812803 0.061068702290076333
0 0.6262948593598449 0.9685169029443839 0.04710960232783699 0.057611777535441576
0 0.6741028128031038 0.9615049073064341 0.0512706110572259 0.059171210468920384