0 0.025911764705882353 0.9494886363636363 0.051823529411764706 0.054181818181818255
0 0.07045098039215686 0.9483636363636363 0.056862745098039215 0.06164772727272727
0 0.11499019607843138 0.9446249999999999 0.050696078431372554 0.07690909090909098
0 0.15868627450980394 0.9509545454545455 0.0484607843137255 0.06685227272727265
0 0.20084313725490197 0.9561477272727272 0.0515392156862745 0.06424999999999996
0 0.24565686274509804 0.9542045454545455 0.05153921568627453 0.060352272727272616
0 0.28921568627450983 0.9641022727272727 0.04061764705882348 0.06393181818181817
0 0.33402941176470585 0.9569659090909091 0.04061764705882348 0.06262499999999989
0 0.3773137254901961 0.9641022727272727 0.05714705882352938 0.06393181818181817
0 0.42493137254901964 0.9652386363636364 0.05153921568627456 0.05645454545454553
0 0.46568627450980393 0.9629659090909091 0.04621568627450979 0.058409090909091015
0 0.5193235294117647 0.9582613636363636 0.05546078431372548 0.06522727272727283
0 0.5645686274509804 0.9676931818181819 0.04790196078431363 0.06461363636363625
0 0.6114803921568628 0.9650795454545454 0.043696078431372486 0.059386363636363626
0 0.665127450980392 0.9632954545454546 0.041735294117646995 0.06555681818181824
0 0.7093823529411766 0.9655681818181818 0.05182352941176461 0.06360227272727276
0 0.7519607843137255 0.9684886363636364 0.047343137254901926 0.06295454545454555