0 0.17813155386081983 0.818887722980063 0.04848427073403243 0.054207764952780776
0 0.22361296472831269 0.813788037775446 0.03594852240228787 0.05001049317943346
0 0.26473784556720686 0.818887722980063 0.03650142993326975 0.054207764952780776
0 0.30396568160152526 0.8173871983210913 0.03867492850333656 0.05719832109129065
0 0.3491801715919924 0.8223399790136412 0.04194470924690181 0.05210912906610712
0 0.3896186844613918 0.817691500524659 0.0438512869399428 0.05180482686253923
0 0.42965681601525263 0.8199370409233998 0.031325071496663505 0.05930745015739767
0 0.46834127740705433 0.817691500524659 0.043307912297426074 0.06379853095487928
0 0.5091897044804575 0.8155928646379853 0.04875119161105819 0.06560335781741866
0 0.5530409914204004 0.8133368310598111 0.0438512869399428 0.05810073452256022
0 0.5892659675881792 0.8212906610703044 0.034594852240228756 0.05900314795383003