0 0.24704697986577182 0.855818540433925 0.04346116970278045 0.06404339250493102
0 0.2871524448705657 0.8554930966469428 0.05017257909875363 0.05680473372781056
0 0.3290220517737296 0.8489151873767258 0.05081495685522531 0.05680473372781056
0 0.36720997123681687 0.8548323471400394 0.053691275167785234 0.05549309664694278
0 0.41323106423777567 0.8474358974358974 0.04346116970278048 0.05713017751479296
0 0.45717162032598274 0.8520414201183433 0.045062320230105465 0.05318540433925056
0 0.5022339405560883 0.8492406311637081 0.039309683604985615 0.05088757396449695
0 0.5448993288590605 0.847603550295858 0.038350910834132314 0.054171597633136157
0 0.5813326941514861 0.8482544378698225 0.0472962607861936 0.05549309664694278
0 0.6209683604985619 0.8436587771203156 0.04985618408437201 0.05943786982248519
0 0.6623489932885906 0.8456311637080868 0.046337488015340295 0.0633826429980276
0 0.7074113135186961 0.8449704142011834 0.04058485139022045 0.04891518737672575
0 0.7459252157238735 0.836913214990138 0.05049856184084379 0.04924063116370815
0 0.7873154362416107 0.840207100591716 0.04697986577181208 0.05581854043392496